# relative_time, cycles_done, cur_item, corpus_count, pending_total, pending_favs, map_size, saved_crashes, saved_hangs, max_depth, execs_per_sec, total_execs, edges_found
61, 2, 19, 22, 9, 3, 0.00%, 9, 0, 7, 210.69, 12512, 115
66, 2, 19, 24, 11, 3, 0.00%, 9, 0, 7, 197.82, 13502, 121
71, 2, 19, 24, 11, 3, 0.00%, 9, 0, 7, 181.74, 14402, 121
76, 2, 19, 24, 11, 3, 0.00%, 9, 0, 7, 187.87, 15386, 121
81, 2, 19, 24, 11, 3, 0.00%, 9, 0, 7, 197.30, 16424, 121
86, 2, 19, 24, 11, 3, 0.00%, 9, 0, 7, 202.28, 17446, 121
92, 2, 20, 24, 10, 6, 0.00%, 9, 0, 7, 197.70, 18472, 121
97, 2, 24, 26, 11, 7, 0.00%, 9, 0, 8, 200.93, 19514, 123
102, 2, 24, 26, 11, 7, 0.00%, 9, 0, 8, 200.08, 20519, 123
107, 2, 25, 26, 10, 6, 0.00%, 9, 0, 8, 204.02, 21359, 123
112, 2, 25, 29, 13, 6, 0.00%, 9, 0, 9, 192.98, 22333, 128
117, 2, 25, 29, 13, 6, 0.00%, 9, 0, 9, 193.11, 23278, 128
122, 2, 25, 30, 14, 6, 0.00%, 9, 0, 9, 192.77, 24230, 129
127, 2, 25, 30, 14, 6, 0.00%, 9, 0, 9, 186.43, 25178, 129
132, 2, 25, 30, 14, 6, 0.00%, 9, 0, 9, 174.55, 26051, 129
137, 2, 25, 30, 14, 6, 0.00%, 9, 0, 9, 187.89, 26960, 129
142, 2, 25, 30, 14, 6, 0.00%, 9, 0, 9, 210.60, 28079, 129
147, 2, 25, 30, 14, 6, 0.00%, 10, 0, 9, 215.26, 29207, 129
153, 2, 25, 30, 14, 6, 0.00%, 10, 0, 9, 208.23, 30255, 129
158, 2, 25, 30, 14, 6, 0.00%, 10, 0, 9, 208.03, 31330, 129
163, 2, 18, 30, 12, 7, 0.00%, 10, 0, 9, 205.28, 32351, 129
168, 2, 26, 30, 11, 6, 0.00%, 10, 0, 9, 192.25, 33321, 129
173, 2, 29, 30, 10, 5, 0.00%, 10, 0, 9, 197.18, 34345, 129
178, 2, 28, 30, 9, 4, 0.00%, 10, 0, 9, 202.49, 35367, 129
183, 2, 23, 30, 7, 2, 0.00%, 10, 0, 9, 203.53, 36387, 129
188, 2, 21, 30, 6, 1, 0.00%, 10, 0, 9, 188.38, 37364, 129
193, 2, 22, 30, 5, 0, 0.00%, 10, 0, 9, 158.19, 38118, 129
198, 2, 22, 30, 5, 0, 0.00%, 10, 0, 9, 161.79, 38919, 129
203, 2, 17, 30, 5, 0, 0.00%, 10, 0, 9, 168.49, 39786, 129
208, 2, 17, 30, 5, 0, 0.00%, 10, 0, 9, 162.21, 40626, 129
214, 2, 24, 30, 5, 0, 0.00%, 10, 0, 9, 153.50, 41445, 129
219, 2, 24, 30, 5, 0, 0.00%, 10, 0, 9, 187.65, 42477, 129
224, 2, 24, 30, 5, 0, 0.00%, 10, 0, 9, 194.29, 43491, 129
229, 2, 29, 30, 5, 0, 0.00%, 10, 0, 9, 180.30, 44355, 129
234, 2, 29, 30, 5, 0, 0.00%, 10, 0, 9, 187.93, 45255, 129
239, 2, 29, 30, 5, 0, 0.00%, 10, 0, 9, 197.69, 46311, 129
244, 3, 24, 30, 5, 0, 0.00%, 10, 0, 9, 204.13, 47365, 129
250, 3, 24, 30, 5, 0, 0.00%, 10, 0, 9, 201.05, 48401, 129
255, 3, 24, 30, 5, 0, 0.00%, 10, 0, 9, 201.14, 49437, 129
260, 3, 17, 30, 5, 0, 0.00%, 10, 0, 9, 208.59, 50519, 129
265, 3, 14, 30, 5, 0, 0.00%, 10, 0, 9, 193.45, 51508, 129
270, 3, 14, 30, 5, 0, 0.00%, 10, 0, 9, 201.42, 52514, 129
275, 3, 26, 30, 5, 0, 0.00%, 10, 0, 9, 177.55, 53450, 129
280, 3, 26, 30, 5, 0, 0.00%, 10, 0, 9, 178.05, 54373, 129
285, 3, 26, 30, 5, 0, 0.00%, 10, 0, 9, 185.78, 55290, 129
291, 3, 26, 30, 5, 0, 0.00%, 10, 0, 9, 194.45, 56310, 129
296, 3, 21, 30, 5, 0, 0.00%, 10, 0, 9, 202.37, 57367, 129
298, 3, 21, 30, 5, 0, 0.00%, 10, 0, 9, 202.83, 57860, 129
