# unix_time, cycles_done, cur_path, paths_total, pending_total, pending_favs, map_size, unique_crashes, unique_hangs, max_depth, execs_per_sec
1655123283, 0, 0, 1, 1, 1, 0.15%, 0, 0, 1, 4000.00
1655123289, 16, 2, 3, 0, 0, 0.25%, 3, 0, 2, 5705.61
1655123294, 34, 2, 3, 0, 0, 0.25%, 4, 0, 2, 6030.48
1655123299, 53, 1, 3, 0, 0, 0.25%, 4, 0, 2, 6115.63
1655123304, 71, 1, 3, 0, 0, 0.25%, 5, 0, 2, 6101.72
1655123309, 89, 2, 3, 0, 0, 0.25%, 5, 0, 2, 6103.83
1655123314, 108, 1, 3, 0, 0, 0.25%, 5, 0, 2, 6109.37
1655123319, 126, 2, 3, 0, 0, 0.25%, 5, 0, 2, 6103.24
1655123325, 145, 0, 3, 0, 0, 0.25%, 5, 0, 2, 6123.90
1655123330, 153, 4, 5, 0, 0, 0.25%, 6, 0, 3, 6125.52
1655123335, 157, 4, 5, 0, 0, 0.25%, 6, 0, 3, 6132.49
1655123340, 161, 4, 5, 0, 0, 0.25%, 7, 0, 3, 6137.07
