# unix_time, cycles_done, cur_path, paths_total, pending_total, pending_favs, map_size, unique_crashes, unique_hangs, max_depth, execs_per_sec
1669022300, 0, 0, 1, 1, 1, 1.13%, 0, 0, 1, 1600.00
1669022305, 0, 5, 11, 6, 6, 2.98%, 2, 0, 3, 2731.36
1669022310, 0, 12, 17, 6, 3, 4.20%, 15, 0, 5, 2974.42
1669022315, 0, 16, 22, 7, 4, 5.29%, 29, 0, 6, 2987.53
1669022320, 0, 18, 26, 9, 4, 5.98%, 40, 0, 6, 2989.94
1669022325, 0, 18, 26, 9, 4, 5.98%, 49, 0, 6, 2971.43
1669022330, 0, 20, 31, 12, 9, 6.63%, 63, 0, 7, 2974.20
1669022336, 0, 22, 35, 14, 9, 8.15%, 81, 0, 7, 3006.69
1669022341, 0, 24, 53, 31, 9, 10.07%, 113, 0, 7, 3118.11
1669022346, 0, 24, 56, 34, 9, 10.13%, 125, 0, 7, 3136.24
1669022351, 0, 26, 71, 48, 26, 11.07%, 136, 0, 7, 3039.37
1669022356, 0, 26, 79, 56, 26, 11.26%, 141, 0, 7, 3004.47
