# unix_time, cycles_done, cur_path, paths_total, pending_total, pending_favs, map_size, unique_crashes, unique_hangs, max_depth, execs_per_sec
1669020261, 0, 0, 1, 1, 1, 0.00%, 0, 0, 1, 4000.00
1669020266, 64, 1, 2, 0, 0, 0.00%, 1, 0, 2, 6308.88
1669020271, 133, 1, 2, 0, 0, 0.00%, 1, 0, 2, 6781.24
1669020276, 202, 0, 2, 0, 0, 0.00%, 1, 0, 2, 6869.97
1669020281, 271, 0, 2, 0, 0, 0.00%, 1, 0, 2, 6830.33
1669020286, 339, 1, 2, 0, 0, 0.00%, 1, 0, 2, 6859.90
1669020291, 408, 1, 2, 0, 0, 0.00%, 1, 0, 2, 6845.60
1669020297, 477, 0, 2, 0, 0, 0.00%, 1, 0, 2, 6859.61
1669020302, 546, 0, 2, 0, 0, 0.00%, 1, 0, 2, 6867.98
1669020307, 614, 1, 2, 0, 0, 0.00%, 1, 0, 2, 6862.61
1669020312, 683, 1, 2, 0, 0, 0.00%, 1, 0, 2, 6857.58
1669020317, 752, 0, 2, 0, 0, 0.00%, 1, 0, 2, 6839.52
