# unix_time, cycles_done, cur_path, paths_total, pending_total, pending_favs, map_size, unique_crashes, unique_hangs, max_depth, execs_per_sec
1669022599, 0, 0, 1, 1, 1, 0.01%, 0, 0, 1, 4000.00
1669022604, 134, 0, 1, 0, 0, 0.01%, 1, 0, 1, 6362.10
1669022609, 272, 0, 1, 0, 0, 0.01%, 2, 0, 1, 6830.17
1669022614, 409, 0, 1, 0, 0, 0.01%, 2, 0, 1, 6900.78
1669022619, 547, 0, 1, 0, 0, 0.01%, 2, 0, 1, 6918.74
1669022624, 684, 0, 1, 0, 0, 0.01%, 3, 0, 1, 6944.20
1669022629, 822, 0, 1, 0, 0, 0.01%, 3, 0, 1, 6844.57
1669022635, 959, 0, 1, 0, 0, 0.01%, 3, 0, 1, 6866.98
1669022640, 1097, 0, 1, 0, 0, 0.01%, 3, 0, 1, 6880.84
1669022645, 1234, 0, 1, 0, 0, 0.01%, 3, 0, 1, 6937.45
1669022650, 1372, 0, 1, 0, 0, 0.01%, 3, 0, 1, 6953.57
1669022655, 1509, 0, 1, 0, 0, 0.01%, 3, 0, 1, 6956.83
