# unix_time, cycles_done, cur_path, paths_total, pending_total, pending_favs, map_size, unique_crashes, unique_hangs, max_depth, execs_per_sec
1669020640, 0, 0, 1, 1, 1, 0.00%, 0, 0, 1, 0.00
1669020645, 127, 0, 1, 0, 0, 0.00%, 0, 0, 1, 6644.71
1669020650, 259, 0, 1, 0, 0, 0.00%, 0, 0, 1, 6629.26
1669020655, 390, 0, 1, 0, 0, 0.00%, 0, 0, 1, 6654.84
1669020660, 522, 0, 1, 0, 0, 0.00%, 0, 0, 1, 6668.52
1669020665, 654, 0, 1, 0, 0, 0.00%, 0, 0, 1, 6677.84
1669020670, 786, 0, 1, 0, 0, 0.00%, 0, 0, 1, 6683.26
1669020676, 918, 0, 1, 0, 0, 0.00%, 0, 0, 1, 6596.29
1669020681, 1046, 0, 1, 0, 0, 0.00%, 0, 0, 1, 6547.42
1669020686, 1177, 0, 1, 0, 0, 0.00%, 0, 0, 1, 6484.81
1669020691, 1304, 0, 1, 0, 0, 0.00%, 0, 0, 1, 6445.78
1669020696, 1436, 0, 1, 0, 0, 0.00%, 0, 0, 1, 6599.30
1669020701, 1566, 0, 1, 0, 0, 0.00%, 0, 0, 1, 6617.73
1669020706, 1698, 0, 1, 0, 0, 0.00%, 0, 0, 1, 6673.79
1669020711, 1830, 0, 1, 0, 0, 0.00%, 0, 0, 1, 6679.75
1669020716, 1962, 0, 1, 0, 0, 0.00%, 0, 0, 1, 6691.58
1669020721, 2094, 0, 1, 0, 0, 0.00%, 0, 0, 1, 6695.25
1669020726, 2226, 0, 1, 0, 0, 0.00%, 0, 0, 1, 6691.04
1669020731, 2358, 0, 1, 0, 0, 0.00%, 0, 0, 1, 6687.57
1669020736, 2490, 0, 1, 0, 0, 0.00%, 0, 0, 1, 6682.53
1669020741, 2622, 0, 1, 0, 0, 0.00%, 0, 0, 1, 6687.84
1669020747, 2752, 0, 1, 0, 0, 0.00%, 0, 0, 1, 6579.28
1669020752, 2884, 0, 1, 0, 0, 0.00%, 0, 0, 1, 6653.56
1669020757, 3016, 0, 1, 0, 0, 0.00%, 0, 0, 1, 6680.21
1669020762, 3148, 0, 1, 0, 0, 0.00%, 0, 0, 1, 6688.79
1669020767, 3280, 0, 1, 0, 0, 0.00%, 0, 0, 1, 6684.64
1669020772, 3412, 0, 1, 0, 0, 0.00%, 0, 0, 1, 6683.72
1669020777, 3544, 0, 1, 0, 0, 0.00%, 0, 0, 1, 6680.26
1669020782, 3676, 0, 1, 0, 0, 0.00%, 0, 0, 1, 6669.37
1669020787, 3808, 0, 1, 0, 0, 0.00%, 0, 0, 1, 6672.14
1669020792, 3940, 0, 1, 0, 0, 0.00%, 0, 0, 1, 6669.60
1669020797, 4072, 0, 1, 0, 0, 0.00%, 0, 0, 1, 6682.79
1669020802, 4204, 0, 1, 0, 0, 0.00%, 0, 0, 1, 6689.18
1669020807, 4336, 0, 1, 0, 0, 0.00%, 0, 0, 1, 6687.28
1669020812, 4468, 0, 1, 0, 0, 0.00%, 0, 0, 1, 6682.26
1669020817, 4600, 0, 1, 0, 0, 0.00%, 0, 0, 1, 6687.33
1669020822, 4732, 0, 1, 0, 0, 0.00%, 0, 0, 1, 6686.95
1669020827, 4864, 0, 1, 0, 0, 0.00%, 0, 0, 1, 6682.04
1669020832, 4996, 0, 1, 0, 0, 0.00%, 0, 0, 1, 6669.37
1669020838, 5128, 0, 1, 0, 0, 0.00%, 0, 0, 1, 6683.84
1669020843, 5260, 0, 1, 0, 0, 0.00%, 0, 0, 1, 6689.33
1669020848, 5392, 0, 1, 0, 0, 0.00%, 0, 0, 1, 6683.14
1669020853, 5524, 0, 1, 0, 0, 0.00%, 0, 0, 1, 6677.85
1669020858, 5656, 0, 1, 0, 0, 0.00%, 0, 0, 1, 6690.95
1669020863, 5788, 0, 1, 0, 0, 0.00%, 0, 0, 1, 6696.94
1669020868, 5920, 0, 1, 0, 0, 0.00%, 0, 0, 1, 6689.31
1669020873, 6052, 0, 1, 0, 0, 0.00%, 0, 0, 1, 6683.57
1669020878, 6184, 0, 1, 0, 0, 0.00%, 0, 0, 1, 6683.97
1669020883, 6316, 0, 1, 0, 0, 0.00%, 0, 0, 1, 6687.49
1669020888, 6448, 0, 1, 0, 0, 0.00%, 0, 0, 1, 6686.18
1669020893, 6580, 0, 1, 0, 0, 0.00%, 0, 0, 1, 6687.84
1669020898, 6712, 0, 1, 0, 0, 0.00%, 0, 0, 1, 6688.86
1669020903, 6844, 0, 1, 0, 0, 0.00%, 0, 0, 1, 6686.96
1669020908, 6976, 0, 1, 0, 0, 0.00%, 0, 0, 1, 6697.19
1669020913, 7108, 0, 1, 0, 0, 0.00%, 0, 0, 1, 6686.81
1669020918, 7240, 0, 1, 0, 0, 0.00%, 0, 0, 1, 6673.97
1669020923, 7372, 0, 1, 0, 0, 0.00%, 0, 0, 1, 6678.65
1669020928, 7504, 0, 1, 0, 0, 0.00%, 0, 0, 1, 6684.49
1669020934, 7636, 0, 1, 0, 0, 0.00%, 0, 0, 1, 6686.87
1669020939, 7768, 0, 1, 0, 0, 0.00%, 0, 0, 1, 6695.26
1669020944, 7900, 0, 1, 0, 0, 0.00%, 0, 0, 1, 6690.70
1669020949, 8032, 0, 1, 0, 0, 0.00%, 0, 0, 1, 6697.20
1669020954, 8164, 0, 1, 0, 0, 0.00%, 0, 0, 1, 6693.64
1669020959, 8296, 0, 1, 0, 0, 0.00%, 0, 0, 1, 6695.24
1669020964, 8428, 0, 1, 0, 0, 0.00%, 0, 0, 1, 6698.58
1669020969, 8560, 0, 1, 0, 0, 0.00%, 0, 0, 1, 6694.43
1669020974, 8692, 0, 1, 0, 0, 0.00%, 0, 0, 1, 6691.85
1669020979, 8824, 0, 1, 0, 0, 0.00%, 0, 0, 1, 6686.87
1669020984, 8956, 0, 1, 0, 0, 0.00%, 0, 0, 1, 6680.79
1669020989, 9088, 0, 1, 0, 0, 0.00%, 0, 0, 1, 6685.36
1669020994, 9220, 0, 1, 0, 0, 0.00%, 0, 0, 1, 6690.54
1669020999, 9352, 0, 1, 0, 0, 0.00%, 0, 0, 1, 6695.38
1669021004, 9484, 0, 1, 0, 0, 0.00%, 0, 0, 1, 6701.54
1669021009, 9616, 0, 1, 0, 0, 0.00%, 0, 0, 1, 6694.78
1669021014, 9748, 0, 1, 0, 0, 0.00%, 0, 0, 1, 6692.20
1669021019, 9880, 0, 1, 0, 0, 0.00%, 0, 0, 1, 6701.38
1669021024, 10012, 0, 1, 0, 0, 0.00%, 0, 0, 1, 6709.48
1669021029, 10144, 0, 1, 0, 0, 0.00%, 0, 0, 1, 6703.63
1669021035, 10276, 0, 1, 0, 0, 0.00%, 0, 0, 1, 6698.81
1669021040, 10408, 0, 1, 0, 0, 0.00%, 0, 0, 1, 6701.27
1669021045, 10540, 0, 1, 0, 0, 0.00%, 0, 0, 1, 6703.83
1669021050, 10672, 0, 1, 0, 0, 0.00%, 0, 0, 1, 6700.66
1669021055, 10804, 0, 1, 0, 0, 0.00%, 0, 0, 1, 6690.58
1669021060, 10936, 0, 1, 0, 0, 0.00%, 0, 0, 1, 6686.07
1669021065, 11068, 0, 1, 0, 0, 0.00%, 0, 0, 1, 6687.66
1669021070, 11200, 0, 1, 0, 0, 0.00%, 0, 0, 1, 6699.87
1669021075, 11332, 0, 1, 0, 0, 0.00%, 0, 0, 1, 6685.49
1669021080, 11464, 0, 1, 0, 0, 0.00%, 0, 0, 1, 6690.46
1669021085, 11596, 0, 1, 0, 0, 0.00%, 0, 0, 1, 6698.47
1669021090, 11728, 0, 1, 0, 0, 0.00%, 0, 0, 1, 6700.97
1669021095, 11860, 0, 1, 0, 0, 0.00%, 0, 0, 1, 6696.32
1669021100, 11991, 0, 1, 0, 0, 0.00%, 0, 0, 1, 6680.67
1669021105, 12123, 0, 1, 0, 0, 0.00%, 0, 0, 1, 6695.03
1669021110, 12255, 0, 1, 0, 0, 0.00%, 0, 0, 1, 6702.50
1669021115, 12387, 0, 1, 0, 0, 0.00%, 0, 0, 1, 6703.57
1669021120, 12519, 0, 1, 0, 0, 0.00%, 0, 0, 1, 6694.36
1669021125, 12651, 0, 1, 0, 0, 0.00%, 0, 0, 1, 6689.68
1669021130, 12783, 0, 1, 0, 0, 0.00%, 0, 0, 1, 6691.95
1669021135, 12915, 0, 1, 0, 0, 0.00%, 0, 0, 1, 6687.06
1669021141, 13047, 0, 1, 0, 0, 0.00%, 0, 0, 1, 6674.36
1669021146, 13179, 0, 1, 0, 0, 0.00%, 0, 0, 1, 6686.15
1669021151, 13311, 0, 1, 0, 0, 0.00%, 0, 0, 1, 6685.55
1669021156, 13443, 0, 1, 0, 0, 0.00%, 0, 0, 1, 6678.85
1669021161, 13575, 0, 1, 0, 0, 0.00%, 0, 0, 1, 6680.12
1669021166, 13707, 0, 1, 0, 0, 0.00%, 0, 0, 1, 6682.85
1669021171, 13839, 0, 1, 0, 0, 0.00%, 0, 0, 1, 6672.19
1669021176, 13971, 0, 1, 0, 0, 0.00%, 0, 0, 1, 6680.63
1669021181, 14103, 0, 1, 0, 0, 0.00%, 0, 0, 1, 6690.61
1669021186, 14235, 0, 1, 0, 0, 0.00%, 0, 0, 1, 6686.74
1669021191, 14367, 0, 1, 0, 0, 0.00%, 0, 0, 1, 6690.34
1669021196, 14499, 0, 1, 0, 0, 0.00%, 0, 0, 1, 6691.52
1669021201, 14631, 0, 1, 0, 0, 0.00%, 0, 0, 1, 6696.01
1669021206, 14763, 0, 1, 0, 0, 0.00%, 0, 0, 1, 6671.61
1669021211, 14895, 0, 1, 0, 0, 0.00%, 0, 0, 1, 6689.07
1669021216, 15027, 0, 1, 0, 0, 0.00%, 0, 0, 1, 6686.61
1669021221, 15159, 0, 1, 0, 0, 0.00%, 0, 0, 1, 6695.13
1669021226, 15291, 0, 1, 0, 0, 0.00%, 0, 0, 1, 6688.73
1669021231, 15423, 0, 1, 0, 0, 0.00%, 0, 0, 1, 6690.14
1669021237, 15555, 0, 1, 0, 0, 0.00%, 0, 0, 1, 6687.25
1669021242, 15687, 0, 1, 0, 0, 0.00%, 0, 0, 1, 6692.30
1669021247, 15819, 0, 1, 0, 0, 0.00%, 0, 0, 1, 6691.19
1669021252, 15951, 0, 1, 0, 0, 0.00%, 0, 0, 1, 6687.16
1669021257, 16083, 0, 1, 0, 0, 0.00%, 0, 0, 1, 6698.55
1669021262, 16215, 0, 1, 0, 0, 0.00%, 0, 0, 1, 6705.12
1669021267, 16347, 0, 1, 0, 0, 0.00%, 0, 0, 1, 6698.68
1669021272, 16479, 0, 1, 0, 0, 0.00%, 0, 0, 1, 6698.31
1669021277, 16611, 0, 1, 0, 0, 0.00%, 0, 0, 1, 6683.68
1669021282, 16740, 0, 1, 0, 0, 0.00%, 0, 0, 1, 6632.64
1669021287, 16871, 0, 1, 0, 0, 0.00%, 0, 0, 1, 6608.59
1669021292, 16998, 0, 1, 0, 0, 0.00%, 0, 0, 1, 6535.21
1669021297, 17130, 0, 1, 0, 0, 0.00%, 0, 0, 1, 6681.85
1669021302, 17259, 0, 1, 0, 0, 0.00%, 0, 0, 1, 6660.96
1669021307, 17391, 0, 1, 0, 0, 0.00%, 0, 0, 1, 6689.25
1669021312, 17523, 0, 1, 0, 0, 0.00%, 0, 0, 1, 6710.58
1669021317, 17655, 0, 1, 0, 0, 0.00%, 0, 0, 1, 6716.02
1669021322, 17787, 0, 1, 0, 0, 0.00%, 0, 0, 1, 6721.99
1669021327, 17919, 0, 1, 0, 0, 0.00%, 0, 0, 1, 6714.10
1669021332, 18051, 0, 1, 0, 0, 0.00%, 0, 0, 1, 6715.97
1669021337, 18183, 0, 1, 0, 0, 0.00%, 0, 0, 1, 6713.54
1669021342, 18315, 0, 1, 0, 0, 0.00%, 0, 0, 1, 6720.59
1669021347, 18447, 0, 1, 0, 0, 0.00%, 0, 0, 1, 6725.64
1669021352, 18579, 0, 1, 0, 0, 0.00%, 0, 0, 1, 6726.26
1669021357, 18711, 0, 1, 0, 0, 0.00%, 0, 0, 1, 6724.15
1669021362, 18843, 0, 1, 0, 0, 0.00%, 0, 0, 1, 6717.79
1669021367, 18975, 0, 1, 0, 0, 0.00%, 0, 0, 1, 6716.26
1669021372, 19107, 0, 1, 0, 0, 0.00%, 0, 0, 1, 6717.59
1669021378, 19239, 0, 1, 0, 0, 0.00%, 0, 0, 1, 6717.85
1669021383, 19371, 0, 1, 0, 0, 0.00%, 0, 0, 1, 6724.61
1669021388, 19503, 0, 1, 0, 0, 0.00%, 0, 0, 1, 6721.57
1669021393, 19635, 0, 1, 0, 0, 0.00%, 0, 0, 1, 6715.93
1669021398, 19767, 0, 1, 0, 0, 0.00%, 0, 0, 1, 6718.42
1669021403, 19899, 0, 1, 0, 0, 0.00%, 0, 0, 1, 6713.22
1669021408, 20031, 0, 1, 0, 0, 0.00%, 0, 0, 1, 6716.34
1669021413, 20163, 0, 1, 0, 0, 0.00%, 0, 0, 1, 6712.88
1669021418, 20295, 0, 1, 0, 0, 0.00%, 0, 0, 1, 6715.31
1669021423, 20427, 0, 1, 0, 0, 0.00%, 0, 0, 1, 6710.20
1669021428, 20559, 0, 1, 0, 0, 0.00%, 0, 0, 1, 6708.88
1669021433, 20691, 0, 1, 0, 0, 0.00%, 0, 0, 1, 6709.26
1669021438, 20823, 0, 1, 0, 0, 0.00%, 0, 0, 1, 6712.05
1669021443, 20955, 0, 1, 0, 0, 0.00%, 0, 0, 1, 6721.54
1669021448, 21087, 0, 1, 0, 0, 0.00%, 0, 0, 1, 6718.51
1669021453, 21219, 0, 1, 0, 0, 0.00%, 0, 0, 1, 6717.55
1669021458, 21351, 0, 1, 0, 0, 0.00%, 0, 0, 1, 6714.88
1669021463, 21483, 0, 1, 0, 0, 0.00%, 0, 0, 1, 6720.19
1669021468, 21615, 0, 1, 0, 0, 0.00%, 0, 0, 1, 6724.22
1669021473, 21747, 0, 1, 0, 0, 0.00%, 0, 0, 1, 6724.22
1669021478, 21879, 0, 1, 0, 0, 0.00%, 0, 0, 1, 6728.20
1669021483, 22011, 0, 1, 0, 0, 0.00%, 0, 0, 1, 6727.97
1669021488, 22143, 0, 1, 0, 0, 0.00%, 0, 0, 1, 6718.53
1669021493, 22275, 0, 1, 0, 0, 0.00%, 0, 0, 1, 6716.80
1669021498, 22407, 0, 1, 0, 0, 0.00%, 0, 0, 1, 6712.23
1669021503, 22539, 0, 1, 0, 0, 0.00%, 0, 0, 1, 6720.49
1669021508, 22671, 0, 1, 0, 0, 0.00%, 0, 0, 1, 6713.99
1669021513, 22803, 0, 1, 0, 0, 0.00%, 0, 0, 1, 6720.89
1669021518, 22935, 0, 1, 0, 0, 0.00%, 0, 0, 1, 6717.20
1669021523, 23067, 0, 1, 0, 0, 0.00%, 0, 0, 1, 6716.06
1669021528, 23199, 0, 1, 0, 0, 0.00%, 0, 0, 1, 6717.80
1669021533, 23331, 0, 1, 0, 0, 0.00%, 0, 0, 1, 6721.04
1669021539, 23463, 0, 1, 0, 0, 0.00%, 0, 0, 1, 6720.48
1669021544, 23595, 0, 1, 0, 0, 0.00%, 0, 0, 1, 6727.58
1669021549, 23727, 0, 1, 0, 0, 0.00%, 0, 0, 1, 6718.00
1669021554, 23859, 0, 1, 0, 0, 0.00%, 0, 0, 1, 6727.92
1669021559, 23991, 0, 1, 0, 0, 0.00%, 0, 0, 1, 6716.24
1669021564, 24123, 0, 1, 0, 0, 0.00%, 0, 0, 1, 6716.16
1669021569, 24255, 0, 1, 0, 0, 0.00%, 0, 0, 1, 6713.31
1669021574, 24387, 0, 1, 0, 0, 0.00%, 0, 0, 1, 6688.93
1669021579, 24519, 0, 1, 0, 0, 0.00%, 0, 0, 1, 6707.89
1669021584, 24651, 0, 1, 0, 0, 0.00%, 0, 0, 1, 6709.74
1669021589, 24783, 0, 1, 0, 0, 0.00%, 0, 0, 1, 6722.36
1669021594, 24915, 0, 1, 0, 0, 0.00%, 0, 0, 1, 6717.75
1669021599, 25047, 0, 1, 0, 0, 0.00%, 0, 0, 1, 6719.31
1669021604, 25179, 0, 1, 0, 0, 0.00%, 0, 0, 1, 6719.87
1669021609, 25311, 0, 1, 0, 0, 0.00%, 0, 0, 1, 6726.87
1669021614, 25443, 0, 1, 0, 0, 0.00%, 0, 0, 1, 6723.95
1669021619, 25575, 0, 1, 0, 0, 0.00%, 0, 0, 1, 6720.26
1669021624, 25707, 0, 1, 0, 0, 0.00%, 0, 0, 1, 6720.96
1669021629, 25839, 0, 1, 0, 0, 0.00%, 0, 0, 1, 6711.90
1669021634, 25971, 0, 1, 0, 0, 0.00%, 0, 0, 1, 6713.91
1669021639, 26103, 0, 1, 0, 0, 0.00%, 0, 0, 1, 6705.25
1669021644, 26235, 0, 1, 0, 0, 0.00%, 0, 0, 1, 6710.56
1669021649, 26367, 0, 1, 0, 0, 0.00%, 0, 0, 1, 6707.15
1669021654, 26499, 0, 1, 0, 0, 0.00%, 0, 0, 1, 6709.34
1669021659, 26631, 0, 1, 0, 0, 0.00%, 0, 0, 1, 6713.57
1669021664, 26763, 0, 1, 0, 0, 0.00%, 0, 0, 1, 6713.57
1669021669, 26895, 0, 1, 0, 0, 0.00%, 0, 0, 1, 6712.94
1669021674, 27027, 0, 1, 0, 0, 0.00%, 0, 0, 1, 6716.89
1669021679, 27159, 0, 1, 0, 0, 0.00%, 0, 0, 1, 6722.26
1669021684, 27291, 0, 1, 0, 0, 0.00%, 0, 0, 1, 6713.70
1669021689, 27423, 0, 1, 0, 0, 0.00%, 0, 0, 1, 6703.19
1669021695, 27555, 0, 1, 0, 0, 0.00%, 0, 0, 1, 6709.40
1669021700, 27687, 0, 1, 0, 0, 0.00%, 0, 0, 1, 6690.83
1669021705, 27819, 0, 1, 0, 0, 0.00%, 0, 0, 1, 6694.06
1669021710, 27951, 0, 1, 0, 0, 0.00%, 0, 0, 1, 6697.83
1669021715, 28083, 0, 1, 0, 0, 0.00%, 0, 0, 1, 6706.87
1669021720, 28215, 0, 1, 0, 0, 0.00%, 0, 0, 1, 6702.46
1669021725, 28347, 0, 1, 0, 0, 0.00%, 0, 0, 1, 6686.63
1669021730, 28479, 0, 1, 0, 0, 0.00%, 0, 0, 1, 6693.20
1669021735, 28611, 0, 1, 0, 0, 0.00%, 0, 0, 1, 6691.77
1669021740, 28743, 0, 1, 0, 0, 0.00%, 0, 0, 1, 6702.79
1669021745, 28875, 0, 1, 0, 0, 0.00%, 0, 0, 1, 6702.63
1669021750, 29007, 0, 1, 0, 0, 0.00%, 0, 0, 1, 6702.55
1669021755, 29139, 0, 1, 0, 0, 0.00%, 0, 0, 1, 6701.62
1669021760, 29271, 0, 1, 0, 0, 0.00%, 0, 0, 1, 6700.07
1669021765, 29403, 0, 1, 0, 0, 0.00%, 0, 0, 1, 6703.80
1669021770, 29535, 0, 1, 0, 0, 0.00%, 0, 0, 1, 6704.55
1669021775, 29667, 0, 1, 0, 0, 0.00%, 0, 0, 1, 6703.80
1669021780, 29799, 0, 1, 0, 0, 0.00%, 0, 0, 1, 6683.65
1669021785, 29931, 0, 1, 0, 0, 0.00%, 0, 0, 1, 6691.62
1669021790, 30063, 0, 1, 0, 0, 0.00%, 0, 0, 1, 6702.35
1669021795, 30195, 0, 1, 0, 0, 0.00%, 0, 0, 1, 6700.47
1669021800, 30327, 0, 1, 0, 0, 0.00%, 0, 0, 1, 6691.96
1669021805, 30459, 0, 1, 0, 0, 0.00%, 0, 0, 1, 6683.78
1669021811, 30591, 0, 1, 0, 0, 0.00%, 0, 0, 1, 6692.21
1669021816, 30723, 0, 1, 0, 0, 0.00%, 0, 0, 1, 6687.32
1669021821, 30855, 0, 1, 0, 0, 0.00%, 0, 0, 1, 6691.19
1669021826, 30987, 0, 1, 0, 0, 0.00%, 0, 0, 1, 6698.48
1669021831, 31119, 0, 1, 0, 0, 0.00%, 0, 0, 1, 6695.67
1669021836, 31251, 0, 1, 0, 0, 0.00%, 0, 0, 1, 6707.95
1669021841, 31383, 0, 1, 0, 0, 0.00%, 0, 0, 1, 6706.63
1669021846, 31515, 0, 1, 0, 0, 0.00%, 0, 0, 1, 6702.32
1669021851, 31647, 0, 1, 0, 0, 0.00%, 0, 0, 1, 6691.75
1669021856, 31779, 0, 1, 0, 0, 0.00%, 0, 0, 1, 6701.87
1669021861, 31911, 0, 1, 0, 0, 0.00%, 0, 0, 1, 6689.04
1669021866, 32043, 0, 1, 0, 0, 0.00%, 0, 0, 1, 6699.94
1669021871, 32175, 0, 1, 0, 0, 0.00%, 0, 0, 1, 6709.53
1669021876, 32307, 0, 1, 0, 0, 0.00%, 0, 0, 1, 6712.09
1669021881, 32435, 0, 1, 0, 0, 0.00%, 0, 0, 1, 6568.80
1669021886, 32567, 0, 1, 0, 0, 0.00%, 0, 0, 1, 6671.23
1669021891, 32694, 0, 1, 0, 0, 0.00%, 0, 0, 1, 6426.84
1669021896, 32826, 0, 1, 0, 0, 0.00%, 0, 0, 1, 6649.60
1669021901, 32957, 0, 1, 0, 0, 0.00%, 0, 0, 1, 6622.25
1669021906, 33089, 0, 1, 0, 0, 0.00%, 0, 0, 1, 6686.07
1669021911, 33221, 0, 1, 0, 0, 0.00%, 0, 0, 1, 6696.01
1669021916, 33353, 0, 1, 0, 0, 0.00%, 0, 0, 1, 6711.44
1669021921, 33485, 0, 1, 0, 0, 0.00%, 0, 0, 1, 6701.60
1669021926, 33617, 0, 1, 0, 0, 0.00%, 0, 0, 1, 6703.22
1669021932, 33749, 0, 1, 0, 0, 0.00%, 0, 0, 1, 6706.47
1669021937, 33881, 0, 1, 0, 0, 0.00%, 0, 0, 1, 6704.66
1669021942, 34013, 0, 1, 0, 0, 0.00%, 0, 0, 1, 6702.97
1669021947, 34145, 0, 1, 0, 0, 0.00%, 0, 0, 1, 6705.53
1669021952, 34277, 0, 1, 0, 0, 0.00%, 0, 0, 1, 6705.32
1669021957, 34409, 0, 1, 0, 0, 0.00%, 0, 0, 1, 6712.72
1669021962, 34541, 0, 1, 0, 0, 0.00%, 0, 0, 1, 6715.63
1669021967, 34672, 0, 1, 0, 0, 0.00%, 0, 0, 1, 6706.01
1669021972, 34804, 0, 1, 0, 0, 0.00%, 0, 0, 1, 6715.00
1669021977, 34936, 0, 1, 0, 0, 0.00%, 0, 0, 1, 6713.50
1669021982, 35068, 0, 1, 0, 0, 0.00%, 0, 0, 1, 6714.83
1669021987, 35200, 0, 1, 0, 0, 0.00%, 0, 0, 1, 6713.49
1669021992, 35332, 0, 1, 0, 0, 0.00%, 0, 0, 1, 6706.84
1669021997, 35464, 0, 1, 0, 0, 0.00%, 0, 0, 1, 6715.57
1669022002, 35596, 0, 1, 0, 0, 0.00%, 0, 0, 1, 6718.40
1669022007, 35728, 0, 1, 0, 0, 0.00%, 0, 0, 1, 6718.21
1669022012, 35860, 0, 1, 0, 0, 0.00%, 0, 0, 1, 6708.42
1669022017, 35992, 0, 1, 0, 0, 0.00%, 0, 0, 1, 6714.24
1669022022, 36124, 0, 1, 0, 0, 0.00%, 0, 0, 1, 6704.29
1669022027, 36256, 0, 1, 0, 0, 0.00%, 0, 0, 1, 6710.96
1669022032, 36388, 0, 1, 0, 0, 0.00%, 0, 0, 1, 6707.40
1669022037, 36520, 0, 1, 0, 0, 0.00%, 0, 0, 1, 6702.28
1669022042, 36652, 0, 1, 0, 0, 0.00%, 0, 0, 1, 6710.10
1669022047, 36784, 0, 1, 0, 0, 0.00%, 0, 0, 1, 6710.94
1669022052, 36916, 0, 1, 0, 0, 0.00%, 0, 0, 1, 6710.45
1669022057, 37048, 0, 1, 0, 0, 0.00%, 0, 0, 1, 6706.84
1669022062, 37180, 0, 1, 0, 0, 0.00%, 0, 0, 1, 6715.83
1669022067, 37312, 0, 1, 0, 0, 0.00%, 0, 0, 1, 6723.94
1669022072, 37444, 0, 1, 0, 0, 0.00%, 0, 0, 1, 6721.28
1669022078, 37576, 0, 1, 0, 0, 0.00%, 0, 0, 1, 6718.82
1669022083, 37708, 0, 1, 0, 0, 0.00%, 0, 0, 1, 6712.35
1669022088, 37840, 0, 1, 0, 0, 0.00%, 0, 0, 1, 6697.03
1669022093, 37972, 0, 1, 0, 0, 0.00%, 0, 0, 1, 6707.62
1669022098, 38104, 0, 1, 0, 0, 0.00%, 0, 0, 1, 6695.72
1669022103, 38236, 0, 1, 0, 0, 0.00%, 0, 0, 1, 6696.48
1669022108, 38368, 0, 1, 0, 0, 0.00%, 0, 0, 1, 6694.40
1669022113, 38500, 0, 1, 0, 0, 0.00%, 0, 0, 1, 6696.80
1669022118, 38632, 0, 1, 0, 0, 0.00%, 0, 0, 1, 6700.07
1669022123, 38764, 0, 1, 0, 0, 0.00%, 0, 0, 1, 6699.34
1669022128, 38896, 0, 1, 0, 0, 0.00%, 0, 0, 1, 6701.11
1669022133, 39028, 0, 1, 0, 0, 0.00%, 0, 0, 1, 6667.78
1669022138, 39160, 0, 1, 0, 0, 0.00%, 0, 0, 1, 6673.96
1669022143, 39291, 0, 1, 0, 0, 0.00%, 0, 0, 1, 6633.32
1669022148, 39423, 0, 1, 0, 0, 0.00%, 0, 0, 1, 6649.63
