# relative_time, cycles_done, cur_item, corpus_count, pending_total, pending_favs, map_size, saved_crashes, saved_hangs, max_depth, execs_per_sec, total_execs, edges_found
60, 1, 12, 16, 11, 10, 0.00%, 8, 0, 3, 272.93, 16562, 86
65, 1, 8, 17, 9, 7, 0.00%, 9, 0, 4, 271.75, 17907, 87
71, 1, 16, 17, 5, 4, 0.00%, 9, 0, 4, 243.71, 19128, 87
76, 1, 5, 17, 2, 1, 0.00%, 9, 0, 4, 248.64, 20376, 87
81, 1, 7, 17, 1, 0, 0.00%, 9, 0, 4, 255.09, 21667, 87
86, 2, 3, 18, 2, 0, 0.00%, 9, 0, 4, 252.97, 22915, 88
91, 2, 17, 19, 2, 0, 0.00%, 10, 0, 4, 248.79, 24194, 89
96, 2, 17, 19, 2, 0, 0.00%, 10, 0, 4, 220.89, 25282, 89
101, 2, 17, 20, 3, 0, 0.00%, 11, 0, 4, 239.55, 26535, 91
106, 2, 18, 21, 4, 2, 0.00%, 11, 0, 5, 223.83, 27651, 92
111, 2, 18, 21, 4, 2, 0.00%, 11, 0, 5, 41.50, 28518, 92
116, 2, 19, 21, 2, 1, 0.00%, 12, 0, 5, 230.12, 29639, 92
121, 2, 18, 21, 1, 0, 0.00%, 12, 0, 5, 239.59, 30862, 92
126, 2, 18, 21, 1, 0, 0.00%, 12, 0, 5, 245.49, 32148, 92
132, 2, 16, 21, 1, 0, 0.00%, 12, 0, 5, 254.26, 33464, 92
137, 2, 16, 21, 1, 0, 0.00%, 12, 0, 5, 263.78, 34819, 92
142, 2, 16, 21, 1, 0, 0.00%, 12, 0, 5, 240.67, 36039, 92
147, 2, 7, 21, 1, 0, 0.00%, 12, 0, 5, 225.18, 37161, 92
152, 2, 18, 22, 2, 0, 0.00%, 12, 0, 5, 244.90, 38392, 95
157, 2, 21, 22, 2, 1, 0.00%, 12, 0, 5, 249.18, 39657, 95
162, 2, 7, 22, 1, 0, 0.00%, 12, 0, 5, 254.39, 40947, 95
167, 2, 18, 22, 1, 0, 0.00%, 13, 0, 5, 253.25, 42260, 95
172, 2, 18, 22, 1, 0, 0.00%, 14, 0, 5, 253.27, 43527, 95
177, 2, 16, 22, 1, 0, 0.00%, 14, 0, 5, 255.07, 44818, 95
182, 2, 21, 23, 2, 0, 0.00%, 14, 0, 6, 253.64, 46085, 96
187, 2, 21, 23, 2, 0, 0.00%, 14, 0, 6, 254.30, 47400, 96
192, 2, 21, 24, 3, 0, 0.00%, 14, 0, 6, 249.15, 48643, 97
197, 2, 21, 25, 4, 0, 0.00%, 15, 0, 6, 250.22, 49904, 109
202, 2, 21, 25, 4, 0, 0.00%, 15, 0, 6, 249.88, 51174, 109
208, 2, 21, 26, 5, 0, 0.00%, 16, 0, 6, 248.79, 52456, 111
213, 2, 21, 26, 5, 0, 0.00%, 16, 0, 6, 252.06, 53782, 111
218, 2, 21, 26, 5, 0, 0.00%, 16, 0, 6, 256.60, 55111, 111
223, 2, 24, 26, 5, 3, 0.00%, 16, 0, 6, 13.91, 55892, 111
230, 2, 24, 26, 5, 3, 0.00%, 16, 0, 6, 1.57, 55921, 111
265, 2, 24, 27, 6, 3, 0.00%, 16, 0, 7, 0.32, 55959, 114
272, 2, 24, 27, 6, 3, 0.00%, 16, 0, 7, 0.77, 56010, 114
277, 2, 24, 27, 6, 3, 0.00%, 16, 0, 7, 6.68, 56093, 114
282, 2, 24, 27, 6, 3, 0.00%, 16, 0, 7, 13.79, 56169, 114
298, 2, 24, 27, 6, 3, 0.00%, 16, 0, 7, 0.18, 56305, 114
